8
7
7
6
6
6
5
5
5
4
4
4
4
3
3
3
3
2
2
4
8
16
19
29
37
41
51
58
63
70
75
79
82
85
86
87
88
88
88
86
85
80
75
73
71
67
64
60
57
53
49
46
43
40
37
35
32
30
28
26
24
23
21
20
18
17
16
15
14
13
12
11
11
10
9
8
8
7
7
7
12
27
39
44
51
56
55
58
62
61
61
61
59
55
53
52
49
47
47
44
42
40
37
35
32
30
28
26
24
22
21
19
18
16
15
14
13
12
11
10
10
9
8
7
7
6
6
5
5
5
4
4
4
4
3
3
3
3
2
2
2
2
2
2
1
1
1
1
1
1
1
1
1
1
1
0
0
0
0
0
0
0
0
0
0
0
0
0
0
0
0
0
0
0
0
0
0
0
0
0
0
0
0
0
0
0
0
0
0
0
0
0
0
0
0
0
0
0
0
0
0
0
0
0
0
0
0
0
0
0
0
0
0
0
0
0
0
0
0
0
0
0
0
0
0
0
0
0
0
0
0
0
0
0
0
0
0
0
0
0
0
0
0
0
0
0
0
0
0
0
0
0
0
0
0
0
0
0
0
0
0
0
0
0
0
0
0
0
0
0
0
0
0
0
0
0
0
0
0
0
0
0
0
0
0
0
0
0
0
0
0
0
0
0
0
0
0
0
0
0
0
0
0
0
0
0
0
0
0
0
1
5
17
23
29
30
25
20
17
15
13
11
10
9
8
7
6
6
5
5
4
4
3
3
3
2
2
2
2
2
1
1
1
1
1
1
1
0
0
0
0
0
0
0
0
0
0
0
0
0
0
0
0
0
0
0
0
0
0
0
0
0
0
0
0
0
0
0
0
0
0
0
0
0
0
0
0
0
0
0
0
0
0
0
0
0
0
0
0
0
0
0
0
0
0
0
0
0
0
0
0
0
0
0
0
0
0
0
0
0
0
0
0
7
19
39
57
69
78
84
88
91
93
95
96
96
96
93
90
86
82
78
73
69
65
61
58
54
51
48
45
42
39
37
34
32
34
43
57
70
79
85
89
92
94
96
95
92
89
85
81
76
72
68
64
60
56
53
50
47
44
41
38
36
34
32
30
28
26
24
23
21
20
19
18
17
16
15
14
13
12
11
10
10
9
9
8
7
7
7
6
6
5
5
5
4
4
4
4
3
3
3
3
2
2
2
2
2
2
1
1
1
1
1
1
1
1
1
2
13
26
46
62
73
80
85
89
92
94
95
96
96
95
92
88
83
78
73
69
71
72
73
77
82
85
87
87
85
82
78
74
70
66
62
58
54
51
48
45
42
39
37
34
32
30
28
26
25
23
21
20
19
18
16
15
14
13
13
12
11
10
10
9
8
8
7
7
6
6
5
5
5
4
4
4
4
3
3
3
3
3
2
2
2
2
2
1
1
1
1
1
1
1
1
1
1
1
1
1
0
0
0
1
5
6
10
13
16
22
22
29
36
37
42
49
50
54
60
61
63
67
69
71
77
82
87
90
92
94
95
94
92
88
84
80
76
72
67
63
60
56
53
49
46
43
41
38
36
33
31
29
27
26
24
26
32
44
56
67
77
84
88
91
94
95
96
94
91
87
83
79
75
70
66
62
58
55
52
48
45
43
40
37
35
33
31
29
27
25
24
22
21
20
18
17
16
15
14
13
12
12
11
10
10
9
8
8
7
7
6
6
6
7
9
16
23
29
40
45
49
59
63
67
73
77
80
84
86
87
89
91
93
94
92
89
85
81
77
73
68
63
62
60
59
59
57
57
58
57
57
58
58
57
59
59
58
59
61
59
60
62
60
62
64
63
63
65
64
64
65
64
63
63
63
61
61
61
58
58
57
55
54
53
50
48
44
40
38
35
33
31
29
27
26
24
22
21
20
18
17
16
15
14
13
12
12
11
10
10
9
8
8
7
7
6
6
6
5
5
5
4
4
4
4
3
3
3
3
2
2
2
2
2
2
2
2
1
1
1
1
1
1
1
1
1
0
0
0
0
0
0
0
0
0
0
0
0
0
0
0
0
0
0
0
0
0
0
0
0
0
0
0
0
0
0
0
0
0
0
0
0
0
0
0
0
0
0
0
0
0
0
0
0
0
0
0
0
0
0
0
0
0
0
0
0
0
0
0
0
0
0
0
0
0
0
0
0
0
0
0
0
0
0
0
0
0
0
0
0
0
0
0
0
0
0
0
0
0
0
0
0
0
0
0
0
0
0
0
0
0
0
0
0
0
0
0
0
0
0
0
0
0
0
0
0
0
0
0
0
0
0
0
0
0
0
0
0
0
0
0
0
0
0
0
0
0
0
0
0
0
0
0
0
0
0
0
0
0
0
0
0
0
0
0
0
0
0
0
0
0
0
0
0
0
0
0
0
3
5
13
18
32
45
59
71
79
85
89
92
94
95
96
97
95
92
88
84
80
76
71
67
63
59
56
53
49
46
44
41
39
36
34
32
30
28
26
25
23
22
20
19
18
17
16
15
14
13
12
12
11
10
9
9
8
8
7
7
7
6
6
5
5
5
4
4
4
4
3
3
3
3
3
3
2
2
2
2
2
2
1
1
1
1
1
1
1
1
1
1
0
1
0
0
0
0
0
0
0
0
0
0
0
1
2
2
4
6
8
13
16
23
27
33
42
48
54
64
72
80
85
89
91
94
95
96
96
94
90
86
82
78
76
74
75
73
71
73
74
73
76
83
86
85
83
77
71
68
64
60
58
54
50
48
45
42
41
40
38
38
37
37
36
36
37
39
39
42
47
49
52
57
59
61
65
67
69
74
76
79
83
85
87
89
91
93
93
90
87
83
79
75
70
66
62
58
55
51
48
45
42
40
37
35
33
31
29
27
25
23
22
21
19
18
17
16
15
14
13
12
12
11
10
9
9
8
8
7
7
6
6
5
5
5
5
4
4
4
3
3
3
3
3
2
2
2
2
2
2
1
1
1
1
1
1
1
1
1
1
0
0
1
0
0
0
0
0
0
0
0
0
1
2
3
4
5
6
6
7
6
7
12
17
21
26
27
31
35
37
40
44
47
49
54
56
55
58
62
63
67
71
72
74
76
75
74
77
75
74
77
77
77
79
78
75
77
77
78
81
83
83
81
78
74
71
67
63
60
56
52
46
44
41
39
38
36
35
33
31
30
28
26
25
23
22
21
19
18
18
19
23
29
32
40
43
42
41
40
37
34
31
29
26
24
23
21
21
21
28
37
48
61
72
80
85
89
92
94
95
96
94
91
88
84
79
75
71
67
63
59
55
52
49
45
43
40
37
34
32
32
36
44
58
70
79
85
89
92
94
96
95
93
89
85
81
77
72
68
64
60
56
53
50
47
44
41
38
36
34
32
30
28
26
24
23
21
20
19
18
17
16
15
14
13
12
11
11
10
9
9
8
8
7
7
6
6
6
5
5
4
4
4
4
3
3
3
3
3
2
2
2
2
2
2
2
1
1
1
1
1
1
1
1
1
1
1
0
0
0
0
0
0
0
0
0
0
0
0
0
0
0
0
0
0
0
0
0
0
0
0
0
0
0
0
0
0
0
0
0
0
0
0
0
0
0
0
0
0
0
0
0
0
0
0
0
0
0
0
0
0
0
0
0
0
0
0
0
0
0
0
0
0
0
0
0
0
0
0
0
0
0
0
0
0
0
0
0
0
0
0
0
0
0
0
0
0
0
0
0
0
0
0
0
0
0
0
0
0
0
0
0
0
0
0
0
0
0
0
0
0
0
0
0
0
0
0
0
0
0
0
0
0
0
0
0
0
0
0
0
0
0
0
0
0
0
0
0
0
0
0
0
0
0
0
0
0
0
0
0
0
0
0
0
0
0
0
0
0
0
0
0
0
0
0
0
0
0
0
0
0
0
0
0
0
0
0
0
0
0
0
0
0
0
0
0
0
0
0
0
0
0
0
0
0
0
0
0
0
0
0
0
0
0
0
0
0
0
0
0
0
0
0
0
0
0
0
0
0
0
0
0
0
0
0
0
0
0
0
0
0
0
0
0
0
0
0
0
0
0
0
0
0
0
0
0
0
0
0
0
0
0
0
0
0
0
0
0
0
0
0
0
0
0
0
0
0
0
0
0
0
0
0
0
0
0
0
0
0
0
0
0
0
0
0
0
0
0
0
0
0
0
0
0
0
0
0
0
0
0
0
0
3
5
11
15
19
26
28
