34
32
30
28
26
25
24
22
21
20
19
18
17
16
15
14
13
12
12
20
33
67
79
120
149
167
208
235
256
284
304
318
331
342
346
350
355
355
354
348
342
323
304
294
285
272
258
243
229
214
200
187
174
163
152
142
132
123
115
107
100
94
87
82
76
71
66
62
58
54
51
47
45
41
39
36
34
32
30
29
50
112
157
179
206
225
224
236
252
247
248
247
238
224
215
210
197
192
189
179
171
161
152
141
132
123
114
106
98
92
85
79
74
68
64
59
54
50
47
43
41
38
35
32
30
28
26
24
23
22
20
19
18
17
16
15
14
13
12
12
11
10
10
9
8
8
8
7
7
6
6
5
5
5
5
4
4
4
4
3
3
3
3
4
3
2
2
2
2
2
2
2
2
2
2
1
1
1
1
1
1
1
1
1
1
1
1
1
0
1
0
0
0
0
0
0
0
0
0
0
0
0
0
0
0
0
0
0
0
0
0
0
0
0
0
0
0
0
0
0
0
0
0
0
0
0
0
0
0
0
0
0
0
0
0
0
0
0
0
0
0
0
0
0
0
0
0
0
0
0
0
0
0
0
0
0
0
0
0
0
0
0
0
0
0
0
0
0
0
0
0
0
0
0
0
0
0
0
0
0
0
0
0
0
0
0
0
0
0
0
0
0
0
0
0
0
0
0
0
0
0
0
0
0
0
0
0
0
0
0
8
22
70
93
118
124
101
83
71
61
53
47
42
38
34
31
28
25
23
21
19
18
16
15
14
12
11
11
10
9
8
8
7
6
6
6
5
4
4
4
3
3
3
2
2
2
2
2
1
1
2
1
1
0
1
1
0
0
0
0
0
1
0
0
0
0
0
0
0
0
0
0
0
0
0
0
0
0
0
0
0
0
0
0
0
0
0
0
0
0
0
0
0
0
0
0
0
0
0
0
0
0
0
0
0
0
0
0
0
0
0
0
0
31
80
157
230
280
314
339
356
367
375
382
386
388
386
377
363
348
331
313
296
279
263
247
233
219
205
193
181
170
160
149
140
132
138
174
231
283
318
343
360
371
380
386
383
373
359
342
325
307
290
273
257
243
228
214
201
189
177
166
156
146
137
129
121
113
106
100
94
88
83
78
73
69
65
61
57
53
50
47
44
41
39
37
34
32
30
29
27
26
24
22
21
20
19
18
17
16
15
14
13
12
11
10
10
10
9
8
8
7
7
7
6
6
6
5
12
56
105
186
250
293
324
345
360
371
378
383
387
389
383
371
357
336
316
293
278
288
292
295
312
330
342
353
351
342
329
314
297
281
265
249
234
220
206
193
181
170
160
149
140
131
122
115
107
101
94
88
83
78
73
68
64
60
56
53
49
46
44
41
38
36
34
32
30
28
26
24
23
22
20
19
18
17
16
15
14
13
13
12
11
10
10
9
8
8
8
7
7
7
6
6
5
5
5
5
5
4
3
4
6
21
26
44
56
66
89
92
119
145
149
171
197
202
217
242
245
254
272
278
285
311
332
351
364
373
380
384
380
370
357
340
323
307
289
272
256
241
227
213
200
188
176
165
155
145
136
128
120
112
105
99
107
130
180
226
272
310
337
356
369
378
384
387
381
368
353
336
318
301
284
267
251
236
222
209
196
184
173
162
152
143
134
126
118
111
104
98
92
87
81
76
72
68
64
59
56
52
49
46
43
41
38
36
34
32
30
28
27
25
31
37
68
95
120
161
181
200
238
255
271
296
310
321
337
347
352
358
369
377
379
371
359
344
328
311
294
275
253
250
242
240
239
231
231
233
231
229
234
234
230
237
239
233
240
246
237
244
251
244
249
258
253
255
263
258
257
261
259
255
256
256
246
246
246
235
234
232
221
217
213
202
195
177
164
153
144
136
128
120
112
105
99 
92 
87 
81 
76 
72 
68 
64 
59 
56 
52 
49 
47 
44 
41 
38 
36 
34 
32 
30 
28 
27 
25 
24 
23 
21 
20 
19 
18 
17 
16 
15 
14 
13 
12 
12 
11 
10 
10 
9  
9  
9  
8  
8  
7  
7  
6  
6  
6  
5  
5  
4  
4  
4  
4  
3  
4  
4  
3  
2  
3  
3  
3  
2  
2  
2  
2  
2  
2  
2  
1  
1  
1  
2  
2  
1  
1  
1  
1  
1  
1  
0  
1  
0  
1  
0  
1  
0  
0  
0  
1  
0  
0  
1  
0  
0  
0  
0  
0  
0  
0  
0  
0  
0  
0  
0  
0  
0  
0  
0  
0  
0  
0  
0  
0  
0  
0  
0  
0  
0  
0  
0  
0  
0  
0  
0  
0  
0  
0  
0  
0  
0  
0  
0  
0  
0  
0  
0  
0  
0  
0  
0  
0  
0  
0  
0  
0  
0  
0  
0  
0  
0  
0  
0  
0  
0  
0  
0  
0  
0  
0  
0  
0  
0  
0  
0  
0  
0  
0  
0  
0  
0  
0  
0  
0  
0  
0  
0  
0  
0  
0  
0  
0  
0  
0  
0  
0  
0  
0  
0  
0  
0  
0  
0  
0  
0  
0  
0  
0  
0  
0  
0  
0  
0  
0  
0  
0  
0  
0  
0  
0  
0  
0  
0  
0  
0  
0  
0  
0  
0  
0  
0  
0  
13 
23 
53 
73 
129
183
238
286
320
343
360
371
379
385
389
391
385
373
357
340
323
305
288
271
256
240
226
213
200
188
177
166
157
147
138
130
122
114
108
101
96 
90 
84 
79 
75 
70 
66 
62 
59 
55 
52 
49 
47 
43 
40 
38 
36 
34 
32 
31 
29 
27 
26 
24 
23 
22 
20 
19 
18 
17 
16 
15 
15 
13 
13 
13 
12 
11 
10 
10 
9  
9  
8  
8  
7  
7  
6  
6  
6  
5  
5  
5  
4  
5  
4  
4  
4  
3  
3  
3  
3  
3  
3  
3  
4  
5  
9  
10 
17 
25 
35 
53 
65 
96 
111
133
171
195
220
260
290
321
343
359
369
378
383
387
386
378
365
349
332
315
307
298
301
295
286
293
298
295
307
336
349
345
334
311
288
276
260
243
234
218
201
194
182
172
168
161
156
153
152
149
147
148
152
157
160
172
190
199
211
231
238
245
263
272
280
299
308
317
333
342
350
359
368
376
374
365
351
336
318
301
284
267
251
236
222
208
196
184
172
161
152
142
133
125
117
110
102
96 
92 
85 
80 
75 
70 
66 
62 
58 
55 
52 
49 
46 
43 
40 
38 
35 
34 
32 
30 
28 
27 
24 
24 
22 
21 
20 
19 
18 
16 
16 
14 
14 
13 
12 
11 
11 
10 
10 
9  
8  
8  
8  
7  
7  
7  
6  
6  
6  
5  
4  
4  
5  
4  
4  
4  
3  
3  
3  
3  
3  
4  
8  
10 
16 
17 
22 
27 
26 
30 
28 
32 
52 
70 
86 
106
109
126
143
151
162
180
190
198
218
227
224
236
250
256
272
288
289
297
306
301
298
309
302
297
311
309
309
320
313
304
310
310
314
325
335
333
326
314
300
286
271
256
242
228
209
188
179
166
159
153
148
141
134
128
121
114
108
102
96 
90 
85 
80 
75 
74 
77 
96 
117
131
161
173
172
168
161
151
139
128
117
107
99 
93 
85 
85 
88 
116
151
193
248
292
324
345
360
371
378
383
386
381
369
355
339
320
303
286
269
253
238
224
209
197
184
173
162
152
139
130
129
145
177
234
283
319
343
360
372
380
386
384
375
360
344
327
309
291
274
258
243
228
214
201
189
177
167
156
147
138
129
121
113
107
100
94 
88 
83 
78 
73 
69 
65 
61 
58 
54 
50 
48 
45 
41 
39 
37 
35 
33 
32 
29 
27 
26 
25 
23 
22 
20 
19 
18 
17 
16 
15 
14 
14 
13 
12 
12 
11 
10 
10 
9  
9  
8  
8  
7  
7  
7  
6  
6  
6  
5  
5  
5  
4  
4  
4  
4  
3  
4  
3  
3  
3  
2  
3  
2  
2  
2  
2  
2  
2  
1  
2  
2  
1  
1  
1  
1  
1  
1  
1  
1  
1  
1  
0  
1  
0  
1  
1  
0  
0  
0  
0  
0  
0  
0  
0  
0  
0  
1  
0  
0  
0  
0  
0  
0  
0  
0  
0  
0  
0  
0  
0  
0  
0  
0  
0  
0  
0  
0  
0  
0  
0  
0  
0  
0  
0  
0  
0  
0  
0  
0  
0  
0  
0  
0  
0  
0  
0  
0  
0  
0  
0  
0  
0  
0  
0  
0  
0  
0  
0  
0  
0  
0  
0  
0  
0  
0  
0  
0  
0  
0  
0  
0  
0  
0  
0  
0  
0  
0  
0  
0  
0  
0  
0  
0  
0  
0  
0  
0  
0  
0  
0  
0  
0  
0  
0  
0  
0  
0  
0  
0  
0  
0  
0  
0  
0  
0  
0  
0  
0  
0  
0  
0  
0  
0  
0  
0  
0  
0  
0  
0  
0  
0  
0  
0  
0  
0  
0  
0  
0  
0  
0  
0  
0  
0  
0  
0  
0  
0  
0  
0  
0  
0  
0  
0  
0  
0  
0  
0  
0  
0  
0  
0  
0  
0  
0  
0  
0  
0  
0  
0  
0  
0  
0  
0  
0  
0  
0  
0  
0  
0  
0  
0  
0  
0  
0  
0  
0  
0  
0  
0  
0  
0  
0  
0  
0  
0  
0  
0  
0  
0  
0  
0  
0  
0  
0  
0  
0  
0  
0  
0  
0  
0  
0  
0  
0  
0  
0  
0  
0  
0  
0  
0  
0  
0  
0  
0  
0  
0  
0  
0  
0  
0  
0  
0  
0  
0  
0  
0  
0  
0  
0  
0  
0  
0  
0  
0  
0  
0  
0  
0  
0  
0  
0  
0  
0  
0  
0  
0  
0  
0  
0  
0  
0  
0  
0  
0  
0  
0  
0  
0  
0  
0  
0  
0  
0  
0  
0  
16 
24 
48 
64 
80 
108
113
134
